0 3.23146 -0.039103 -49.675 50.4636
1 7.2142 0.0335878 -49.4782 49.8248
2 11.6088 0.00724882 -49.3922 49.6009
3 17.2059 0.0120696 -49.313 49.4533
4 7.48917 -59.9983 2.99058 17.6747
5 7.48074 -69.9987 2.9923 17.6672
6 7.47298 -81.9985 2.99562 17.6596
7 8.06721 -95.9986 2.99572 17.6534
8 8.6765 -109.999 2.99635 17.649
9 9.45604 -129.999 2.99715 17.6432
10 10.1386 -149.999 3.00141 17.6403
11 7.49309 59.9982 2.99026 17.6738
12 7.4931 69.9987 2.99208 17.667
13 7.48707 81.9984 2.99363 17.6591
14 8.07783 95.9986 2.99624 17.6537
15 8.68637 109.999 2.99725 17.649
16 9.47345 129.999 2.99704 17.6441
17 10.1496 149.999 3.00013 17.6401
18 26.0348 0.032106 -108.893 108.901
19 36.0265 0.0260524 -108.81 108.81
20 50.0212 -0.0248562 -108.716 108.715
21 66.017 0.0922866 -108.637 108.641
22 44.3185 -121.885 24.0599 70.2472
23 43.7625 -149.89 24.06 70.2129
24 43.3955 -179.887 24.06 70.1853
25 43.2813 -214.888 24.06 70.1638
26 43.2955 -254.888 24.06 70.1471
27 43.499 -294.888 24.06 70.1345
28 44.3317 121.883 24.06 70.246
29 43.8169 149.887 24.0599 70.2117
30 43.4989 179.885 24.06 70.1845
31 43.3271 214.887 24.06 70.1642
32 43.3414 254.887 24.06 70.1465
33 43.5906 294.887 24.06 70.1333
34 82.0151 0.0822306 -108.109 108.109
35 102.014 0.132912 -108.067 108.066
36 87.5145 -121.959 75.5199 101.734
37 87.0964 -149.943 75.52 101.735
38 87.0059 -179.939 75.5199 101.733
39 87.0928 -214.943 75.5199 101.734
40 86.9403 -254.937 75.52 101.735
41 87.0252 -294.934 75.5199 101.735
42 87.5554 121.96 75.5199 101.734
43 87.1124 149.943 75.5199 101.735
44 87.0405 179.941 75.5199 101.733
45 86.9939 214.939 75.5199 101.734
46 86.9406 254.932 75.5199 101.734
47 87.2385 294.944 75.5199 101.734
