0 20.042 -0.006762 -0.000409781 0.0245193 -0.00695964 -0.000737458 -0.0411348 -0.00760225 -0.000383103 2.24204
0 19.9979 -0.00357174 -0.000224807 0.00103201 -0.00488739 -0.000486389 -0.0375631 -0.00908353 -0.000358767 1.35842
0 19.9404 -0.000567758 1.26679e-05 -0.0150413 -0.00137925 -0.000317745 -0.0392544 -0.0112029 -0.000229655 1.20416
1 19.9714 -0.00350185 -0.000359771 0.0463042 -0.002663 -0.000205383 0.0705567 -0.00287921 -0.000312611 2.0957
1 19.9599 -0.00348142 -0.000160085 0.0180431 -0.000897745 -0.000172723 0.0370885 -0.00361658 -0.000227609 1.13855
1 19.9795 -0.00308404 -8.09172e-05 -0.00647474 -0.000772385 -0.000138832 -0.0279166 -0.00305307 -0.000112282 0.748763
2 20.0144 -0.00499737 -0.000233333 -0.0320089 -0.000413814 -7.56723e-05 -0.0584849 -0.00388633 -2.87971e-05 1.61266
2 19.9827 -0.0044986 -0.000182854 -0.0201692 -0.000474765 -8.11831e-05 -0.0313256 -0.00348011 -3.21035e-05 0.940944
2 19.9583 -0.00353442 -9.22743e-05 0.00249593 -0.000174331 -9.72397e-05 0.000311476 -0.00311818 -4.56273e-05 0.680126
3 20.0171 -0.00392085 -0.000199278 0.0164961 -0.00135423 -4.04899e-05 -0.0593567 -0.000240841 -3.08221e-05 1.1485
3 20.0005 -0.00352116 -0.000166574 0.0154563 -0.00109359 -5.13573e-05 -0.0329966 -0.000939431 -3.45329e-05 0.736243
3 19.9727 -0.00288394 -0.00011471 0.01402 -0.000351098 -6.95707e-05 -0.00125883 -0.00180734 -2.35598e-05 0.530788
4 19.6125 0.0210273 -0.00147167 -2.55148 0.439303 -0.0184763 -1.55818 0.313642 -0.0153264 3.83123
4 18.8805 0.203472 -0.0108147 -1.27052 0.192926 -0.00769409 -0.0837439 -0.0483151 0.00278324 2.69148
4 19.0327 0.178959 -0.00987466 -0.92622 0.145261 -0.0059069 -0.472228 0.0524496 -0.00150014 2.99258
5 18.926 0.184629 -0.0108154 -3.19431 0.564797 -0.0256852 -2.22897 0.374758 -0.0174848 4.36798
5 18.6927 0.153781 -0.00696673 -2.38917 0.308055 -0.0107703 -2.54253 0.428562 -0.0196256 4.38304
5 19.1137 0.0969653 -0.00392276 -1.17163 -0.0007243 0.00623975 -0.953755 0.0549161 -0.00187447 4.9498
6 19.6394 -0.0538688 0.000574714 -3.96516 0.5042 -0.0180115 -1.92708 0.273328 -0.011775 4.20778
6 19.4519 0.02448 -0.00314396 -2.43568 0.214462 -0.00504448 0.0465169 -0.0794061 0.0026207 4.65815
6 19.8879 -0.0687069 0.00291009 -1.97874 0.13304 -0.00137284 -1.57331 0.171122 -0.00645513 4.98088
7 18.8527 -0.0758595 0.0033479 -5.76486 0.629972 -0.0191732 -3.62401 0.436744 -0.0157773 4.19562
7 20.3842 -0.281239 0.0106556 -4.63198 0.535624 -0.0180967 -3.87499 0.452945 -0.0146781 5.2909
7 20.2284 -0.180117 0.00549733 -6.17527 0.838611 -0.0306875 -5.80451 0.912129 -0.036301 5.89511
8 16.2038 0.420995 -0.0214052 -7.02373 0.85448 -0.03017 -6.69477 0.891926 -0.0339973 3.23414
8 15.213 0.645567 -0.0315022 -4.85915 0.459183 -0.0122801 -7.04974 1.02865 -0.0419254 4.56023
8 18.3501 0.109317 -0.00755336 -4.39816 0.338128 -0.00468626 -7.61808 1.18015 -0.0476123 6.14628
9 16.1513 0.305596 -0.0201238 -9.32143 1.06925 -0.038009 -9.03923 1.16694 -0.0442524 3.4473
9 15.2241 0.55882 -0.0309201 -6.55896 0.552215 -0.0158384 -11.5009 1.56145 -0.0588385 3.86561
9 18.1803 0.00621824 -0.00255669 -5.68063 0.532272 -0.0178728 -9.02847 1.13016 -0.0399325 4.19179
10 -0.462375 0.883849 -0.00180167 -5.4264 -0.293827 0.0281536 -17.8175 1.59015 -0.0417034 1.01568
10 0.0892422 0.918559 -0.00377568 1.74749 -1.24816 0.0607679 -11.3995 0.726752 -0.0118905 0.997294
10 18.6175 -0.297009 0.0112764 -11.2737 1.19065 -0.0379675 -7.52265 0.560695 -0.0128333 4.28346
11 19.2456 0.0224876 -0.00260832 -1.73946 0.228448 -0.00983705 -4.11181 0.591423 -0.0245925 4.60581
11 19.8627 -0.0557718 0.000208471 -1.63589 0.17536 -0.00698052 -2.45191 0.265466 -0.00848693 2.66328
11 19.8888 -0.0689535 0.00174243 -1.59495 0.14334 -0.00510319 -1.78058 0.14297 -0.00280892 2.86582
12 18.1038 0.183005 -0.00894809 -3.05507 0.394454 -0.0147633 -3.88974 0.442643 -0.0156568 3.97093
12 18.6665 0.0492082 -0.00217262 -3.11396 0.481967 -0.0202062 -3.08355 0.229631 -0.00457865 4.16938
12 19.6975 -0.16473 0.00884289 -3.248 0.527836 -0.0216918 -2.16802 0.122938 -0.00226911 4.84823
13 19.1069 -0.157196 0.00580521 -4.66553 0.593125 -0.021604 -5.2181 0.677589 -0.0253407 4.45173
13 18.777 -0.0740154 0.00274036 -4.23663 0.510173 -0.0179057 -4.5741 0.55944 -0.0202514 4.92147
13 19.2376 -0.154582 0.00833518 -3.18522 0.275224 -0.00595159 -3.83357 0.47897 -0.0188031 5.21638
14 16.5502 0.356577 -0.018779 -5.20935 0.473262 -0.0124599 -4.576 0.384613 -0.0110859 4.81753
14 15.2425 0.663651 -0.0324672 -4.93294 0.499921 -0.0159535 -1.93309 -0.134373 0.0113055 5.73471
14 16.4551 0.434795 -0.0205144 -4.99404 0.501336 -0.0156043 -2.88699 0.0548376 0.00247752 6.79938
15 15.9372 0.260459 -0.0154451 -8.26873 0.996647 -0.0363882 -8.92394 0.978501 -0.0319355 3.1232
15 15.2538 0.462433 -0.0243995 -5.28871 0.423474 -0.0115076 -8.26744 0.962926 -0.0338907 4.74259
15 16.4491 0.188756 -0.00666353 -6.80571 0.725197 -0.022893 -7.06748 0.796529 -0.0272585 6.20808
16 12.5686 0.657532 -0.0345892 -10.8557 1.17188 -0.0421006 -12.6392 1.40628 -0.0503567 3.70833
16 13.1876 0.622608 -0.0325885 -10.4649 1.20756 -0.0448314 -13.0477 1.5486 -0.0569675 3.8072
16 15.0315 0.192428 -0.00593521 -7.695 0.700396 -0.0202958 -9.12855 0.894485 -0.0279665 4.56798
17 -12.6631 2.17946 -0.0478077 -8.90716 -0.0180146 0.0205443 19.2075 -3.79586 0.144763 1.10408
17 -3.79084 1.10198 -0.011876 -12.7441 0.506746 0.00425935 21.9905 -4.1307 0.155923 1.18519
17 15.8571 -0.0199758 -0.00256744 -3.92275 -0.428895 0.0350916 -14.1054 1.37306 -0.0410622 5.02579
18 20.0203 -0.00414865 -0.000203615 0.0408203 -0.000277889 -5.07114e-05 0.0344339 -0.00121004 -4.93824e-05 0.105393
18 19.9709 -0.00371052 -0.000149713 0.0674541 -0.000193868 -4.82286e-05 0.0118469 -0.000872627 -3.58343e-05 0.626392
18 19.9286 -0.003019 -0.000106199 0.0889782 -3.89477e-05 -4.0275e-05 -0.0115365 -0.000593905 -2.46537e-05 1.28584
19 20.0498 -0.00398316 -0.000195668 0.0493154 -0.000130232 -3.15886e-05 0.0451831 -0.000491405 -2.95565e-05 0.0910806
19 20.0018 -0.00367224 -0.000161263 0.0362315 -0.000114024 -2.88548e-05 0.012817 -3.17872e-05 -2.28098e-05 0.485173
19 19.961 -0.00314396 -0.000127066 0.0184493 0.000436177 -2.80577e-05 -0.0347202 -0.000132023 -1.48121e-05 1.12324
20 20.0997 -0.00344523 -0.00017364 0.0519307 0.000123258 -1.19596e-05 0.0589239 -0.000445366 -1.54515e-05 0.0931876
20 20.0579 -0.00371907 -0.000151221 0.0783485 5.82211e-05 -1.99839e-05 0.0713949 -0.000505503 -1.47684e-05 0.373079
20 20.0168 -0.00347877 -0.000126069 0.106559 0.000250679 -2.72075e-05 0.0827727 -0.000738876 -1.65802e-05 0.778797
21 20.1694 -0.00340715 -0.000153602 0.0734385 0.000161297 -7.20524e-06 0.0664344 -0.000222343 -4.31665e-06 0.0950872
21 20.1275 -0.00308148 -0.000129238 0.0818866 0.000144294 -1.3067e-05 0.0616974 -0.000362009 -2.96663e-06 0.323101
21 20.0605 -0.0025424 -9.84841e-05 0.094678 0.000110427 -2.29238e-05 0.071099 -0.000509302 -7.86782e-06 0.636227
22 16.7338 0.0353317 -0.000227913 -0.259919 -0.0167437 0.000330357 -1.12554 0.0382077 -0.000345 1.15009
22 18.7825 -0.03575 0.000452847 -1.00392 0.0202883 -8.69123e-05 -0.841474 0.020323 -0.000123439 0.905097
22 19.9496 -0.0739947 0.000858358 -0.95746 0.0144542 -1.98026e-05 -1.43994 0.0414693 -0.000317782 1.27462
23 14.8133 0.0374291 -0.000222702 -3.25486 0.0835144 -0.000538571 -1.30426 0.01076 0.000143731 1.33723
23 17.7127 -0.0495769 0.000549059 -2.27532 0.0521538 -0.000296166 -1.63841 0.0354602 -0.000171156 0.845137
23 18.0223 -0.037518 0.00045781 -1.60331 0.0363141 -0.000212023 -1.4443 0.0367763 -0.000257025 0.699647
24 11.7011 0.0267491 6.88368e-07 -3.7435 0.0642791 -0.000176694 -4.95424 0.115647 -0.000667911 1.47431
24 16.0022 -0.0968047 0.00109188 -2.50394 0.0302603 5.70337e-05 -3.44816 0.0715091 -0.000328289 1.06293
24 17.1877 -0.0985385 0.00115153 -3.73016 0.104978 -0.000821546 -3.88696 0.111719 -0.000857602 0.939951
25 4.77753 0.0879317 -0.000811181 -8.59738 0.214927 -0.00165479 -7.99294 0.199697 -0.00157485 1.79
25 13.7184 -0.198231 0.0019688 -6.11368 0.124066 -0.00078329 -5.21459 0.0993943 -0.00063685 1.35162
25 16.8843 -0.26086 0.00287957 -4.0601 0.0474081 -1.22006e-07 -4.30245 0.0704657 -0.000277697 1.07261
26 1.14362 -0.0674354 0.000456794 -13.2889 0.321713 -0.0026856 -10.5928 0.200212 -0.00144035 2.23527
26 14.9334 -0.54028 0.00528705 -8.96952 0.155878 -0.000929891 -7.96929 0.126556 -0.000768986 1.47592
26 16.4985 -0.512999 0.00519479 -8.4337 0.148638 -0.000804312 -7.67147 0.134315 -0.000778297 1.33324
27 0 0 0 0 0 0 0 0 0 -1
27 0 0 0 0 0 0 0 0 0 -1
27 18.1 -0.863705 0.00836527 -11.384 0.205413 -0.0014181 -8.7209 0.0907413 -0.000224519 1.82627
28 15.5566 0.0158654 8.20992e-05 -4.06079 0.131782 -0.00111124 -1.31493 0.0212969 -3.23099e-05 1.07464
28 17.1866 -0.0247432 0.000412447 -2.77195 0.0875682 -0.000715294 -2.40652 0.0626563 -0.000417238 0.909698
28 17.322 -0.00469506 0.000200149 -2.77914 0.100884 -0.000924381 -1.87054 0.0348442 -0.000101936 1.36147
29 13.9625 -0.0386161 0.000723347 -3.96846 0.110112 -0.000833371 -3.28835 0.0692992 -0.000333242 1.45668
29 16.7888 -0.101758 0.00116988 -2.72376 0.0600841 -0.000346468 -2.32829 0.0372476 -7.66948e-05 0.915358
29 16.986 -0.0685704 0.000826496 -2.2343 0.0400271 -0.000139255 -2.82212 0.0695397 -0.000469825 0.764876
30 7.15256 0.0840686 -0.000783485 -6.13221 0.138964 -0.000861265 -9.05648 0.270283 -0.00233651 1.64526
30 14.5451 -0.159127 0.00157615 -4.08278 0.0593281 -8.53176e-05 -6.65018 0.188229 -0.00160353 1.23076
30 17.2846 -0.224676 0.00250403 -1.62538 -0.0387942 0.000880671 -5.64136 0.160447 -0.00130215 0.986228
31 -0.0456716 0.128593 -0.00167751 -11.5154 0.290339 -0.00247136 -11.8882 0.309857 -0.00265112 1.61975
31 10.8352 -0.22969 0.00192937 -8.33624 0.174155 -0.00128387 -8.50172 0.189772 -0.0014646 1.34503
31 14.3776 -0.308004 0.00325735 -6.89878 0.127313 -0.000694578 -6.77824 0.131905 -0.000851191 1.17134
32 -0.489334 -0.100442 0.000695581 -10.078 0.200088 -0.00164464 -12.8058 0.312899 -0.00285212 1.8034
32 10.9132 -0.495809 0.00462692 -10.0407 0.190834 -0.00146263 -11.2461 0.240434 -0.00196225 1.3507
32 13.2932 -0.526789 0.00495923 -8.87107 0.125028 -0.000657229 -10.2275 0.198352 -0.00146427 1.43377
33 0 0 0 0 0 0 0 0 0 -1
33 0 0 0 0 0 0 0 0 0 -1
33 9.32719 -0.533379 0.00497287 -13.3432 0.306285 -0.00242104 -12.588 0.272214 -0.0020562 1.58091
34 19.8122 -0.00392545 -7.36593e-05 -0.0764558 -0.000677148 2.27693e-05 -0.212787 -0.00153903 3.96194e-05 2.73427
34 19.8861 -0.00322495 -8.40521e-05 -0.132606 -0.000564213 3.89486e-05 -0.254443 -0.00112241 4.2855e-05 2.38907
34 20.0746 -0.00217154 -0.000110609 0.0275662 0.000441224 1.5776e-05 0.0797958 -8.51435e-05 -1.15033e-05 0.686232
35 0 0 0 0 0 0 0 0 0 -1
35 0 0 0 0 0 0 0 0 0 -1
35 19.884 -0.00233649 -0.000101007 -0.354007 -0.000710756 -1.31235e-05 -0.450547 -0.000382001 1.20517e-06 0.891791
36 52.1411 -0.901058 0.00602831 21.9646 -0.555052 0.00349193 -9.46117 0.212528 -0.00116363 0.749664
36 31.1382 -0.355062 0.00248806 21.08 -0.526396 0.00327823 19.4555 -0.483054 0.00300664 0.584087
36 -5.42636 0.561423 -0.00322199 -30.2942 0.702935 -0.00403388 -7.52871 0.184562 -0.00110566 0.890892
37 39.2852 -0.530884 0.00322021 26.0132 -0.770163 0.00556672 -181.307 4.54864 -0.028478 1.10756
37 52.2083 -0.854538 0.00526928 9.21893 -0.260689 0.00182132 -35.7132 0.887714 -0.00549843 0.694145
37 4.33223 0.298585 -0.00159975 0.743623 -0.0181426 0.000121095 12.0673 -0.27702 0.00158709 0.639255
38 -113.739 3.25562 -0.0205515 -281.973 6.97765 -0.0430519 80.5644 -2.06534 0.0133124 1.3186
38 -55.3215 1.76922 -0.011014 -207.216 5.13005 -0.031687 76.9346 -1.95416 0.0124482 0.94034
38 -6.04554 0.511285 -0.00289298 -9.72343 0.218459 -0.00122854 16.7197 -0.388099 0.00224339 0.777548
39 -96.3438 2.58341 -0.0157447 -149.116 3.63079 -0.0221302 -143.053 3.51043 -0.0215386 1.88185
39 -42.1744 1.22348 -0.00691343 -46.7801 1.12933 -0.00685013 -29.3506 0.632626 -0.00338617 1.55637
39 -35.7422 1.12734 -0.00645379 -29.6067 0.645864 -0.00348861 -3.98459 0.0511885 -4.92442e-05 1.06806
40 -30.1202 0.792208 -0.005484 -29.3766 0.616488 -0.0036857 97.0336 -2.59142 0.0165935 1.36247
40 -158.332 3.7754 -0.0219819 -70.799 1.58227 -0.00907815 2.12519 -0.198833 0.00175237 1.55738
40 -66.9049 1.68269 -0.00960341 -24.103 0.48422 -0.00252419 18.3981 -0.498567 0.00313051 1.32448
41 0 0 0 0 0 0 0 0 0 -1
41 0 0 0 0 0 0 0 0 0 -1
41 -53.5742 1.32554 -0.0087096 -17.1104 0.349469 -0.00238154 -88.8691 2.00277 -0.0117615 1.70135
42 144.06 -3.19152 0.0201104 -75.7548 1.81979 -0.0108883 -0.876009 -0.0344328 0.00053733 1.02098
42 90.6959 -1.87648 0.0120354 -53.0253 1.26594 -0.00753964 -64.4382 1.53849 -0.00915926 0.719469
42 -11.0353 0.661491 -0.00373226 -15.3772 0.35942 -0.00210756 -6.10368 0.13834 -0.000751825 1.02067
43 -93.431 2.79235 -0.0178247 -136.335 3.42434 -0.0214358 -41.1104 1.06752 -0.00686525 1.03246
43 -18.4243 0.879423 -0.00558275 -137.904 3.47103 -0.0217964 29.4253 -0.690659 0.00403393 0.738122
43 -10.6002 0.632529 -0.00360822 -0.26341 0.00205116 7.30236e-06 8.47992 -0.197477 0.00114391 0.782214
44 -235.892 6.14447 -0.0380971 3.81408 -0.0955017 0.000538577 -45.4259 1.01764 -0.00571438 1.32077
44 -24.3349 0.821533 -0.00447116 -10.2856 0.250612 -0.00158224 -52.0419 1.21813 -0.00716493 0.941598
44 -57.3509 1.62765 -0.00918983 -40.353 0.876276 -0.00471606 6.56187 -0.226058 0.00172185 0.741856
45 -377.281 9.45763 -0.0586878 127.051 -3.2081 0.0198427 299.314 -7.48532 0.046388 1.78064
45 -129.249 3.18086 -0.0185239 -88.1555 2.07076 -0.012321 107.578 -2.86261 0.0187118 1.55764
45 -61.7543 1.62944 -0.00927868 -33.0871 0.717117 -0.00393211 -9.58683 0.15361 -0.00059406 1.15742
46 73.6869 -1.82234 0.0103401 46.2213 -1.23658 0.00757837 82.6918 -2.1327 0.0130343 1.14596
46 -142.776 3.29945 -0.0192382 77.5925 -2.10617 0.0135879 -53.2419 1.111 -0.0061925 1.43347
46 -114.221 2.76213 -0.0166118 -51.3884 1.11056 -0.0063732 -70.799 1.55101 -0.00887799 1.56626
47 0 0 0 0 0 0 0 0 0 -1
47 0 0 0 0 0 0 0 0 0 -1
47 -19.2167 0.41008 -0.0028579 -34.1558 0.676072 -0.00368758 19.3796 -0.54821 0.00324913 0.940314
